name1:fee|name2:fee
alise:129.2|bob:129.2|cat:129.2|dog:129.2|elisa:129.2
zip:71.33333333333333|y:71.33333333333333|xya:71.33333333333333
nan:259.0|bbb:259.0|aaa:259.0
alise:111.0|bob:111.0|cat:111.0|dog:111.0|elisa:111.0
bob:388.5|cat:388.5
